100
0 17 46 56 20 97 16 87 15
1 17 93 72 74 25
2 78 34 52 54 9 36 39 60
3 83 36 67 35
4 21 22 91 64
5 2 39 19 14 94 13 83 51 56 36 8
6 15 46 71 16 37 97
7 29 32 50 55 93
8 49 80 43 63
9 93 64 75 76 37 18
10 93
11 52 61 97
12 52 84 15 82 21 97
13 77 78 50 49 96 89 25 32 97
14 16 35 82 60 8 21 4 46 59 74 80
15 48 81 38 11
16 41 48 8 96 72
17 95 50 62 40 93 94 46 20 56 38 77 58
18 56 68
19 21 88 91 2
20 1 22 17 23 97 69
21 6 19 57 70 94 24 82 73 79 60 9
22 44 30 68 45 49 29 32 39 6 41 52 87
23 98 54 83 14 6 77 97 75
24 25 16 75 83
25 27 52 8 57 46 1 48 14 45 23 77 79
26 16 83 75 10 3 58 36 67 77 79
27 86 83 16 13 47 38 20 77 88 32 14 55
28 40 92 78 0 34 88 70 95
29 51 6 57 98 63
30 77 88 44 96 90
31 15 5 42 66 6 92 93
32 39 48 42 79 82 15
33 78 35 93
34 15 82
35 61 14 54 33 93 34 32
36 32 52 38 77 43 25 82 30 41
37 81 0 66
38 59 33 74 34 64 51 32 7
39 9 12 10 92 7 86 16 90 2 70
40 95 62 34 5 46 67 4
41 48 79 0 1 60
42 84 43 4
43 9 40 0 14
44 72
45 67
46 34 63 75 43
47 46 58
48 41 65 62 38 40 46 67 20 72
49 31 3 14
50 8 95 49 40 48 20
51 78 60 9 76 8 46
52 94 39 77
53 61 4
54 41 13 50
55 58 50 92 49
56 0 77 99 66 15 6 79 98 55
57 21 55 39 19 13 78 3 25 96 34 8
58 21
59 23 40 32 77 61 14 43
60 22 25 66 89 82 43 11
61 8 45 57 76 88
62 77
63 79 49 28 66 69 80 17 55 81 56 74 42
64 71 54
65 96 45 42 51 85 7 32
66 71 73 30 51 79 95
67 18
68 88 16 48 77 94
69 45 70 72 4 6
70 79 9 30 6 65 14 42 69
71 30 51 9 0 61 46 15 80 58 79 41 85
72 99 60 70
73 27 22 42 88 6 83 49 40 90 85 67 18
74 87 22 35 78 69 71 68 14 72 61 23
75 0
76 57 60 36 53 34
77 20 1 47 40 27 73 83 34 69
78 68 18 69 67 40 76 92 57
79 70 37 67 10 69 2
80 59 41 85
81 68 27 5 96 77 35 56 21 32 82 33 29
82 68 39 2 20 23 32 58 52 10 88 11 36
83 42 93 3 61 71 90 8 41 89
84 60 78 6 57
85 30 46 48 10
86 13 18 4 77 11 97
87 69 49
88 8
89 50 65
90 3 25 77 7 81
91 51 34 3 16 15 58 6 57 62 18 84 39
92 81 29 73
93 97 98 70 13 82 38
94 78 95 7 24 4 32 31 33
95 80 10 98 38 56 24 18 0
96 16 36 83 5 32
97 90 13 98 44
98 46 94 32 12 47 60
99 39 81 17 27 4 35 47 84 24 1 59