50
0 37 40 12
1 8 18 13 7
2 21 25 16 6 26 41 43 24 0 22 8 47
3 17
4 7 20 26 45 41 6 29 2 39 13
5 16 21 13 41 24 47
6 23 24 1 38 31 20
7 8 2 24 31 33
8 39
9 0 4 45 1 48 41 40 21 15 25 24
10 49 16
11 14 38 25 24 45 10 31
12 44 24 19 25 0 15 42 45 8
13 9
14 13 48 25 27 0 26
15 23 3 37 36 16 18 13
16 30 47 6 20 31 35 18 44 4
17 22 33 1 27 48
18 45 12 23
19 8 42 23 43 2
20 40 36 12 10
21 42 31 34 36 45 10 43 4 12 18
22 9 18
23 20 8 34 12 14 19 31
24 25 15 44 10 49 34 6 3
25 11 28 1 13 4
26 30 15 24 3 47 11 31 39 33
27 34
28 31 19 45 16
29 18 43 39
30 3 24 32 0
31 17 33 20 46 37
32 41 34 35 7 28 15 16 27 46 30 9 47
33 18 42 43 35 14 23 32 34
34 27 43 48 37 3 33 47 1 35
35 45 9 6 30 22 0 38 36 47 27
36 4 17 2 15 44 43 8 37
37 10 20 40 47 0
38 35 43 44 40 13 8 15 26 5
39 37 11 17 26 2 33
40 41 49 23 21 11 32
41 33 6 28 37 47 15 21 25 0 14
42 11 30
43 5 15 38
44 17 41 5 24 32
45 14 31 17 41
46 20 2 35 49
47 23 34 36 32 15 28 39 33 8 41 9
48 1
49 39 16 23 42 26 41 10 21 32